trial_id,loss,rmse,time_this_iter_s,done,timesteps_total,episodes_total,training_iteration,experiment_id,date,timestamp,time_total_s,pid,hostname,node_ip,time_since_restore,timesteps_since_restore,iterations_since_restore,warmup_time,experiment_tag,config/args,config/epochs,config/accuracy,config/save_csv,config/lr,config/momentum,config/weight_decay
e6ac5_00031,0.174,0.06599999964237213,32.86099553108215,True,,,12.0,9944960806b445fe9dda9e4d7fed0c60,2023-07-06_13-44-17,1688643857,424.5980944633484,154744,sfandres-ROG-Strix-G513QR,192.168.1.128,424.5980944633484,0.0,12.0,0.0025932788848876953,"31_lr=0.1000,momentum=0.9000,weight_decay=0","Namespace(model_name='Supervised', task_name='multilabel', backbone_name='resnet18', input_data=None, dataset_name='Sentinel2AndaluciaLULC', dataset_level='Level_N2', train_rate=1.0, epochs=12, learning_rate=0.01, save_every=5, batch_size=64, num_workers=2, ini_weights='imagenet', seed=42, dropout=None, transfer_learning='FT', show=False, verbose=False, balanced_dataset=False, torch_compile=False, distributed=False, ray_tune='gridsearch', load_best_hyperparameters=False, grace_period=4, num_samples_trials=3, gpus_per_trial=1)",12,val,False,0.1,0.9,0.0
e6ac5_00063,0.173,0.06700000166893005,30.003885507583618,True,,,12.0,a7463b31651c44e3b42750b295e52277,2023-07-06_15-28-54,1688650134,375.2978000640869,175902,sfandres-ROG-Strix-G513QR,192.168.1.128,375.2978000640869,0.0,12.0,0.0027480125427246094,"63_lr=0.1000,momentum=0.9000,weight_decay=0.0001","Namespace(model_name='Supervised', task_name='multilabel', backbone_name='resnet18', input_data=None, dataset_name='Sentinel2AndaluciaLULC', dataset_level='Level_N2', train_rate=1.0, epochs=12, learning_rate=0.01, save_every=5, batch_size=64, num_workers=2, ini_weights='imagenet', seed=42, dropout=None, transfer_learning='FT', show=False, verbose=False, balanced_dataset=False, torch_compile=False, distributed=False, ray_tune='gridsearch', load_best_hyperparameters=False, grace_period=4, num_samples_trials=3, gpus_per_trial=1)",12,val,False,0.1,0.9,0.0001
e6ac5_00055,0.174,0.06700000166893005,32.119133710861206,True,,,12.0,0465060a85b943e58f3beedd699dcbf1,2023-07-06_15-02-24,1688648544,382.4896640777588,169222,sfandres-ROG-Strix-G513QR,192.168.1.128,382.4896640777588,0.0,12.0,0.003902912139892578,"55_lr=0.1000,momentum=0.9000,weight_decay=0","Namespace(model_name='Supervised', task_name='multilabel', backbone_name='resnet18', input_data=None, dataset_name='Sentinel2AndaluciaLULC', dataset_level='Level_N2', train_rate=1.0, epochs=12, learning_rate=0.01, save_every=5, batch_size=64, num_workers=2, ini_weights='imagenet', seed=42, dropout=None, transfer_learning='FT', show=False, verbose=False, balanced_dataset=False, torch_compile=False, distributed=False, ray_tune='gridsearch', load_best_hyperparameters=False, grace_period=4, num_samples_trials=3, gpus_per_trial=1)",12,val,False,0.1,0.9,0.0
e6ac5_00023,0.173,0.06700000166893005,38.612021923065186,True,,,12.0,1b82f6572a5c4aeaa8fd36c7154bde10,2023-07-06_13-13-25,1688642005,466.9422507286072,149850,sfandres-ROG-Strix-G513QR,192.168.1.128,466.9422507286072,0.0,12.0,0.0036020278930664062,"23_lr=0.1000,momentum=0.9000,weight_decay=0.0000","Namespace(model_name='Supervised', task_name='multilabel', backbone_name='resnet18', input_data=None, dataset_name='Sentinel2AndaluciaLULC', dataset_level='Level_N2', train_rate=1.0, epochs=12, learning_rate=0.01, save_every=5, batch_size=64, num_workers=2, ini_weights='imagenet', seed=42, dropout=None, transfer_learning='FT', show=False, verbose=False, balanced_dataset=False, torch_compile=False, distributed=False, ray_tune='gridsearch', load_best_hyperparameters=False, grace_period=4, num_samples_trials=3, gpus_per_trial=1)",12,val,False,0.1,0.9,1e-05
e6ac5_00071,0.174,0.06800000369548798,29.957417011260986,True,,,12.0,c8d61d837fad44f5abde2403c3be4b9c,2023-07-06_15-53-32,1688651612,363.4193298816681,178729,sfandres-ROG-Strix-G513QR,192.168.1.128,363.4193298816681,0.0,12.0,0.003676176071166992,"71_lr=0.1000,momentum=0.9000,weight_decay=0.0000","Namespace(model_name='Supervised', task_name='multilabel', backbone_name='resnet18', input_data=None, dataset_name='Sentinel2AndaluciaLULC', dataset_level='Level_N2', train_rate=1.0, epochs=12, learning_rate=0.01, save_every=5, batch_size=64, num_workers=2, ini_weights='imagenet', seed=42, dropout=None, transfer_learning='FT', show=False, verbose=False, balanced_dataset=False, torch_compile=False, distributed=False, ray_tune='gridsearch', load_best_hyperparameters=False, grace_period=4, num_samples_trials=3, gpus_per_trial=1)",12,val,False,0.1,0.9,1e-05
e6ac5_00001,0.186,0.06800000369548798,34.35679578781128,True,,,12.0,d1989d9023a14a9b9ae2db30ccdfa874,2023-07-06_11-45-27,1688636727,401.2662208080292,137856,sfandres-ROG-Strix-G513QR,192.168.1.128,401.2662208080292,0.0,12.0,0.0032198429107666016,"1_lr=0.0010,momentum=0.9900,weight_decay=0","Namespace(model_name='Supervised', task_name='multilabel', backbone_name='resnet18', input_data=None, dataset_name='Sentinel2AndaluciaLULC', dataset_level='Level_N2', train_rate=1.0, epochs=12, learning_rate=0.01, save_every=5, batch_size=64, num_workers=2, ini_weights='imagenet', seed=42, dropout=None, transfer_learning='FT', show=False, verbose=False, balanced_dataset=False, torch_compile=False, distributed=False, ray_tune='gridsearch', load_best_hyperparameters=False, grace_period=4, num_samples_trials=3, gpus_per_trial=1)",12,val,False,0.001,0.99,0.0
e6ac5_00002,0.184,0.06800000369548798,30.75680637359619,True,,,12.0,749536115c1c4d0895fa0717ec5ee721,2023-07-06_11-52-06,1688637126,394.54433608055115,139179,sfandres-ROG-Strix-G513QR,192.168.1.128,394.54433608055115,0.0,12.0,0.003610372543334961,"2_lr=0.0100,momentum=0.9900,weight_decay=0","Namespace(model_name='Supervised', task_name='multilabel', backbone_name='resnet18', input_data=None, dataset_name='Sentinel2AndaluciaLULC', dataset_level='Level_N2', train_rate=1.0, epochs=12, learning_rate=0.01, save_every=5, batch_size=64, num_workers=2, ini_weights='imagenet', seed=42, dropout=None, transfer_learning='FT', show=False, verbose=False, balanced_dataset=False, torch_compile=False, distributed=False, ray_tune='gridsearch', load_best_hyperparameters=False, grace_period=4, num_samples_trials=3, gpus_per_trial=1)",12,val,False,0.01,0.99,0.0
e6ac5_00039,0.173,0.06800000369548798,31.535690784454346,True,,,12.0,14d5c395270642d6b5cfb57619125322,2023-07-06_14-10-00,1688645400,391.96568274497986,160407,sfandres-ROG-Strix-G513QR,192.168.1.128,391.96568274497986,0.0,12.0,0.0031778812408447266,"39_lr=0.1000,momentum=0.9000,weight_decay=0.0001","Namespace(model_name='Supervised', task_name='multilabel', backbone_name='resnet18', input_data=None, dataset_name='Sentinel2AndaluciaLULC', dataset_level='Level_N2', train_rate=1.0, epochs=12, learning_rate=0.01, save_every=5, batch_size=64, num_workers=2, ini_weights='imagenet', seed=42, dropout=None, transfer_learning='FT', show=False, verbose=False, balanced_dataset=False, torch_compile=False, distributed=False, ray_tune='gridsearch', load_best_hyperparameters=False, grace_period=4, num_samples_trials=3, gpus_per_trial=1)",12,val,False,0.1,0.9,0.0001
e6ac5_00007,0.173,0.06800000369548798,31.043276071548462,True,,,12.0,83054ac23e0845f4a92ccdbdb1cc464e,2023-07-06_12-11-00,1688638260,372.08321356773376,141631,sfandres-ROG-Strix-G513QR,192.168.1.128,372.08321356773376,0.0,12.0,0.0036690235137939453,"7_lr=0.1000,momentum=0.9000,weight_decay=0","Namespace(model_name='Supervised', task_name='multilabel', backbone_name='resnet18', input_data=None, dataset_name='Sentinel2AndaluciaLULC', dataset_level='Level_N2', train_rate=1.0, epochs=12, learning_rate=0.01, save_every=5, batch_size=64, num_workers=2, ini_weights='imagenet', seed=42, dropout=None, transfer_learning='FT', show=False, verbose=False, balanced_dataset=False, torch_compile=False, distributed=False, ray_tune='gridsearch', load_best_hyperparameters=False, grace_period=4, num_samples_trials=3, gpus_per_trial=1)",12,val,False,0.1,0.9,0.0
e6ac5_00010,0.183,0.0689999982714653,31.165305852890015,True,,,12.0,ceeb7601785f40b0b2b1082e4e3aad37,2023-07-06_12-25-44,1688639144,374.21543192863464,143031,sfandres-ROG-Strix-G513QR,192.168.1.128,374.21543192863464,0.0,12.0,0.0036172866821289062,"10_lr=0.0100,momentum=0.9900,weight_decay=0.0001","Namespace(model_name='Supervised', task_name='multilabel', backbone_name='resnet18', input_data=None, dataset_name='Sentinel2AndaluciaLULC', dataset_level='Level_N2', train_rate=1.0, epochs=12, learning_rate=0.01, save_every=5, batch_size=64, num_workers=2, ini_weights='imagenet', seed=42, dropout=None, transfer_learning='FT', show=False, verbose=False, balanced_dataset=False, torch_compile=False, distributed=False, ray_tune='gridsearch', load_best_hyperparameters=False, grace_period=4, num_samples_trials=3, gpus_per_trial=1)",12,val,False,0.01,0.99,0.0001
e6ac5_00038,0.184,0.0689999982714653,33.297229290008545,True,,,12.0,8d4e8d1617d0423fb181328efe2f7976,2023-07-06_14-03-24,1688645004,409.69267654418945,159242,sfandres-ROG-Strix-G513QR,192.168.1.128,409.69267654418945,0.0,12.0,0.0031769275665283203,"38_lr=0.0100,momentum=0.9000,weight_decay=0.0001","Namespace(model_name='Supervised', task_name='multilabel', backbone_name='resnet18', input_data=None, dataset_name='Sentinel2AndaluciaLULC', dataset_level='Level_N2', train_rate=1.0, epochs=12, learning_rate=0.01, save_every=5, batch_size=64, num_workers=2, ini_weights='imagenet', seed=42, dropout=None, transfer_learning='FT', show=False, verbose=False, balanced_dataset=False, torch_compile=False, distributed=False, ray_tune='gridsearch', load_best_hyperparameters=False, grace_period=4, num_samples_trials=3, gpus_per_trial=1)",12,val,False,0.01,0.9,0.0001
e6ac5_00062,0.183,0.0689999982714653,30.025373458862305,True,,,12.0,91945f7d17804c568af5765486c992c9,2023-07-06_15-22-35,1688649755,392.3687982559204,174329,sfandres-ROG-Strix-G513QR,192.168.1.128,392.3687982559204,0.0,12.0,0.003925323486328125,"62_lr=0.0100,momentum=0.9000,weight_decay=0.0001","Namespace(model_name='Supervised', task_name='multilabel', backbone_name='resnet18', input_data=None, dataset_name='Sentinel2AndaluciaLULC', dataset_level='Level_N2', train_rate=1.0, epochs=12, learning_rate=0.01, save_every=5, batch_size=64, num_workers=2, ini_weights='imagenet', seed=42, dropout=None, transfer_learning='FT', show=False, verbose=False, balanced_dataset=False, torch_compile=False, distributed=False, ray_tune='gridsearch', load_best_hyperparameters=False, grace_period=4, num_samples_trials=3, gpus_per_trial=1)",12,val,False,0.01,0.9,0.0001
e6ac5_00009,0.186,0.0689999982714653,31.136149883270264,True,,,12.0,430d1e9a25644f1489f41b982b35c6ab,2023-07-06_12-19-26,1688638766,373.3468716144562,142441,sfandres-ROG-Strix-G513QR,192.168.1.128,373.3468716144562,0.0,12.0,0.004598379135131836,"9_lr=0.0010,momentum=0.9900,weight_decay=0.0001","Namespace(model_name='Supervised', task_name='multilabel', backbone_name='resnet18', input_data=None, dataset_name='Sentinel2AndaluciaLULC', dataset_level='Level_N2', train_rate=1.0, epochs=12, learning_rate=0.01, save_every=5, batch_size=64, num_workers=2, ini_weights='imagenet', seed=42, dropout=None, transfer_learning='FT', show=False, verbose=False, balanced_dataset=False, torch_compile=False, distributed=False, ray_tune='gridsearch', load_best_hyperparameters=False, grace_period=4, num_samples_trials=3, gpus_per_trial=1)",12,val,False,0.001,0.99,0.0001
e6ac5_00030,0.183,0.07000000029802322,36.04559636116028,True,,,12.0,9883f61d5a8a4f319314b299f3a3704c,2023-07-06_13-37-07,1688643427,444.2532639503479,153709,sfandres-ROG-Strix-G513QR,192.168.1.128,444.2532639503479,0.0,12.0,0.004059553146362305,"30_lr=0.0100,momentum=0.9000,weight_decay=0","Namespace(model_name='Supervised', task_name='multilabel', backbone_name='resnet18', input_data=None, dataset_name='Sentinel2AndaluciaLULC', dataset_level='Level_N2', train_rate=1.0, epochs=12, learning_rate=0.01, save_every=5, batch_size=64, num_workers=2, ini_weights='imagenet', seed=42, dropout=None, transfer_learning='FT', show=False, verbose=False, balanced_dataset=False, torch_compile=False, distributed=False, ray_tune='gridsearch', load_best_hyperparameters=False, grace_period=4, num_samples_trials=3, gpus_per_trial=1)",12,val,False,0.01,0.9,0.0
e6ac5_00006,0.183,0.07000000029802322,31.040200233459473,True,,,12.0,0752a865299b4d849faf57a5ae958eb3,2023-07-06_12-04-44,1688637884,373.79892468452454,141071,sfandres-ROG-Strix-G513QR,192.168.1.128,373.79892468452454,0.0,12.0,0.0035037994384765625,"6_lr=0.0100,momentum=0.9000,weight_decay=0","Namespace(model_name='Supervised', task_name='multilabel', backbone_name='resnet18', input_data=None, dataset_name='Sentinel2AndaluciaLULC', dataset_level='Level_N2', train_rate=1.0, epochs=12, learning_rate=0.01, save_every=5, batch_size=64, num_workers=2, ini_weights='imagenet', seed=42, dropout=None, transfer_learning='FT', show=False, verbose=False, balanced_dataset=False, torch_compile=False, distributed=False, ray_tune='gridsearch', load_best_hyperparameters=False, grace_period=4, num_samples_trials=3, gpus_per_trial=1)",12,val,False,0.01,0.9,0.0
e6ac5_00014,0.183,0.07000000029802322,30.79393982887268,True,,,12.0,8a2ef128af4e45c2a3a0799c0972b9d9,2023-07-06_12-38-24,1688639904,371.0686159133911,144369,sfandres-ROG-Strix-G513QR,192.168.1.128,371.0686159133911,0.0,12.0,0.004045724868774414,"14_lr=0.0100,momentum=0.9000,weight_decay=0.0001","Namespace(model_name='Supervised', task_name='multilabel', backbone_name='resnet18', input_data=None, dataset_name='Sentinel2AndaluciaLULC', dataset_level='Level_N2', train_rate=1.0, epochs=12, learning_rate=0.01, save_every=5, batch_size=64, num_workers=2, ini_weights='imagenet', seed=42, dropout=None, transfer_learning='FT', show=False, verbose=False, balanced_dataset=False, torch_compile=False, distributed=False, ray_tune='gridsearch', load_best_hyperparameters=False, grace_period=4, num_samples_trials=3, gpus_per_trial=1)",12,val,False,0.01,0.9,0.0001
e6ac5_00015,0.173,0.07000000029802322,32.15348744392395,True,,,12.0,98a74580afd04629a1a9cf7ef567d694,2023-07-06_12-44-57,1688640297,388.9558689594269,144968,sfandres-ROG-Strix-G513QR,192.168.1.128,388.9558689594269,0.0,12.0,0.0038635730743408203,"15_lr=0.1000,momentum=0.9000,weight_decay=0.0001","Namespace(model_name='Supervised', task_name='multilabel', backbone_name='resnet18', input_data=None, dataset_name='Sentinel2AndaluciaLULC', dataset_level='Level_N2', train_rate=1.0, epochs=12, learning_rate=0.01, save_every=5, batch_size=64, num_workers=2, ini_weights='imagenet', seed=42, dropout=None, transfer_learning='FT', show=False, verbose=False, balanced_dataset=False, torch_compile=False, distributed=False, ray_tune='gridsearch', load_best_hyperparameters=False, grace_period=4, num_samples_trials=3, gpus_per_trial=1)",12,val,False,0.1,0.9,0.0001
e6ac5_00054,0.184,0.07000000029802322,31.005629777908325,True,,,12.0,6f31b2bef30844d58400432a7064e648,2023-07-06_14-55-58,1688648158,369.54338455200195,168655,sfandres-ROG-Strix-G513QR,192.168.1.128,369.54338455200195,0.0,12.0,0.003545522689819336,"54_lr=0.0100,momentum=0.9000,weight_decay=0","Namespace(model_name='Supervised', task_name='multilabel', backbone_name='resnet18', input_data=None, dataset_name='Sentinel2AndaluciaLULC', dataset_level='Level_N2', train_rate=1.0, epochs=12, learning_rate=0.01, save_every=5, batch_size=64, num_workers=2, ini_weights='imagenet', seed=42, dropout=None, transfer_learning='FT', show=False, verbose=False, balanced_dataset=False, torch_compile=False, distributed=False, ray_tune='gridsearch', load_best_hyperparameters=False, grace_period=4, num_samples_trials=3, gpus_per_trial=1)",12,val,False,0.01,0.9,0.0
e6ac5_00070,0.184,0.07000000029802322,29.990920543670654,True,,,12.0,a458f3f1a4c84a7aa2c8a8a1b1712798,2023-07-06_15-47-25,1688651245,361.18559217453003,178149,sfandres-ROG-Strix-G513QR,192.168.1.128,361.18559217453003,0.0,12.0,0.0037746429443359375,"70_lr=0.0100,momentum=0.9000,weight_decay=0.0000","Namespace(model_name='Supervised', task_name='multilabel', backbone_name='resnet18', input_data=None, dataset_name='Sentinel2AndaluciaLULC', dataset_level='Level_N2', train_rate=1.0, epochs=12, learning_rate=0.01, save_every=5, batch_size=64, num_workers=2, ini_weights='imagenet', seed=42, dropout=None, transfer_learning='FT', show=False, verbose=False, balanced_dataset=False, torch_compile=False, distributed=False, ray_tune='gridsearch', load_best_hyperparameters=False, grace_period=4, num_samples_trials=3, gpus_per_trial=1)",12,val,False,0.01,0.9,1e-05
e6ac5_00046,0.184,0.07000000029802322,33.048105239868164,True,,,12.0,80d9b65fa5d34a4ca3deb5395936c813,2023-07-06_14-29-38,1688646578,387.02156233787537,163716,sfandres-ROG-Strix-G513QR,192.168.1.128,387.02156233787537,0.0,12.0,0.002791166305541992,"46_lr=0.0100,momentum=0.9000,weight_decay=0.0000","Namespace(model_name='Supervised', task_name='multilabel', backbone_name='resnet18', input_data=None, dataset_name='Sentinel2AndaluciaLULC', dataset_level='Level_N2', train_rate=1.0, epochs=12, learning_rate=0.01, save_every=5, batch_size=64, num_workers=2, ini_weights='imagenet', seed=42, dropout=None, transfer_learning='FT', show=False, verbose=False, balanced_dataset=False, torch_compile=False, distributed=False, ray_tune='gridsearch', load_best_hyperparameters=False, grace_period=4, num_samples_trials=3, gpus_per_trial=1)",12,val,False,0.01,0.9,1e-05
e6ac5_00022,0.184,0.07000000029802322,33.601585388183594,True,,,12.0,abd5841b08df4157bf55fcdaf93075ce,2023-07-06_13-05-33,1688641533,405.7602119445801,148325,sfandres-ROG-Strix-G513QR,192.168.1.128,405.7602119445801,0.0,12.0,0.0035262107849121094,"22_lr=0.0100,momentum=0.9000,weight_decay=0.0000","Namespace(model_name='Supervised', task_name='multilabel', backbone_name='resnet18', input_data=None, dataset_name='Sentinel2AndaluciaLULC', dataset_level='Level_N2', train_rate=1.0, epochs=12, learning_rate=0.01, save_every=5, batch_size=64, num_workers=2, ini_weights='imagenet', seed=42, dropout=None, transfer_learning='FT', show=False, verbose=False, balanced_dataset=False, torch_compile=False, distributed=False, ray_tune='gridsearch', load_best_hyperparameters=False, grace_period=4, num_samples_trials=3, gpus_per_trial=1)",12,val,False,0.01,0.9,1e-05
e6ac5_00047,0.174,0.07199999690055847,34.53257489204407,True,,,12.0,0b354e5224694c288b339cf3442d7b69,2023-07-06_14-36-32,1688646992,409.6797511577606,165500,sfandres-ROG-Strix-G513QR,192.168.1.128,409.6797511577606,0.0,12.0,0.0028228759765625,"47_lr=0.1000,momentum=0.9000,weight_decay=0.0000","Namespace(model_name='Supervised', task_name='multilabel', backbone_name='resnet18', input_data=None, dataset_name='Sentinel2AndaluciaLULC', dataset_level='Level_N2', train_rate=1.0, epochs=12, learning_rate=0.01, save_every=5, batch_size=64, num_workers=2, ini_weights='imagenet', seed=42, dropout=None, transfer_learning='FT', show=False, verbose=False, balanced_dataset=False, torch_compile=False, distributed=False, ray_tune='gridsearch', load_best_hyperparameters=False, grace_period=4, num_samples_trials=3, gpus_per_trial=1)",12,val,False,0.1,0.9,1e-05
e6ac5_00041,0.198,0.07400000095367432,31.641966581344604,True,,,4.0,7fdeb7c21b8d4629a92e7b8c45c3d2e6,2023-07-06_14-14-21,1688645661,126.73979115486145,162272,sfandres-ROG-Strix-G513QR,192.168.1.128,126.73979115486145,0.0,4.0,0.0036945343017578125,"41_lr=0.0010,momentum=0.9900,weight_decay=0.0000","Namespace(model_name='Supervised', task_name='multilabel', backbone_name='resnet18', input_data=None, dataset_name='Sentinel2AndaluciaLULC', dataset_level='Level_N2', train_rate=1.0, epochs=12, learning_rate=0.01, save_every=5, batch_size=64, num_workers=2, ini_weights='imagenet', seed=42, dropout=None, transfer_learning='FT', show=False, verbose=False, balanced_dataset=False, torch_compile=False, distributed=False, ray_tune='gridsearch', load_best_hyperparameters=False, grace_period=4, num_samples_trials=3, gpus_per_trial=1)",12,val,False,0.001,0.99,1e-05
e6ac5_00026,0.199,0.07400000095367432,40.718533754348755,True,,,4.0,976a71a1bd4445ccaae923d981dcb727,2023-07-06_13-21-22,1688642482,160.90290331840515,152250,sfandres-ROG-Strix-G513QR,192.168.1.128,160.90290331840515,0.0,4.0,0.0031061172485351562,"26_lr=0.0100,momentum=0.9900,weight_decay=0","Namespace(model_name='Supervised', task_name='multilabel', backbone_name='resnet18', input_data=None, dataset_name='Sentinel2AndaluciaLULC', dataset_level='Level_N2', train_rate=1.0, epochs=12, learning_rate=0.01, save_every=5, batch_size=64, num_workers=2, ini_weights='imagenet', seed=42, dropout=None, transfer_learning='FT', show=False, verbose=False, balanced_dataset=False, torch_compile=False, distributed=False, ray_tune='gridsearch', load_best_hyperparameters=False, grace_period=4, num_samples_trials=3, gpus_per_trial=1)",12,val,False,0.01,0.99,0.0
e6ac5_00025,0.198,0.07400000095367432,38.96847462654114,True,,,4.0,66001ebb6e604a69ab5e95059d12c7ae,2023-07-06_13-18-37,1688642317,160.3176257610321,151859,sfandres-ROG-Strix-G513QR,192.168.1.128,160.3176257610321,0.0,4.0,0.0035440921783447266,"25_lr=0.0010,momentum=0.9900,weight_decay=0","Namespace(model_name='Supervised', task_name='multilabel', backbone_name='resnet18', input_data=None, dataset_name='Sentinel2AndaluciaLULC', dataset_level='Level_N2', train_rate=1.0, epochs=12, learning_rate=0.01, save_every=5, batch_size=64, num_workers=2, ini_weights='imagenet', seed=42, dropout=None, transfer_learning='FT', show=False, verbose=False, balanced_dataset=False, torch_compile=False, distributed=False, ray_tune='gridsearch', load_best_hyperparameters=False, grace_period=4, num_samples_trials=3, gpus_per_trial=1)",12,val,False,0.001,0.99,0.0
e6ac5_00017,0.198,0.07500000298023224,33.45939064025879,True,,,4.0,720acabc4d2240d79f24b00cdd588742,2023-07-06_12-49-37,1688640577,138.1563596725464,146794,sfandres-ROG-Strix-G513QR,192.168.1.128,138.1563596725464,0.0,4.0,0.003584146499633789,"17_lr=0.0010,momentum=0.9900,weight_decay=0.0000","Namespace(model_name='Supervised', task_name='multilabel', backbone_name='resnet18', input_data=None, dataset_name='Sentinel2AndaluciaLULC', dataset_level='Level_N2', train_rate=1.0, epochs=12, learning_rate=0.01, save_every=5, batch_size=64, num_workers=2, ini_weights='imagenet', seed=42, dropout=None, transfer_learning='FT', show=False, verbose=False, balanced_dataset=False, torch_compile=False, distributed=False, ray_tune='gridsearch', load_best_hyperparameters=False, grace_period=4, num_samples_trials=3, gpus_per_trial=1)",12,val,False,0.001,0.99,1e-05
e6ac5_00033,0.198,0.07500000298023224,33.794289112091064,True,,,4.0,c8283fd7bb5f4fc7bfe3e2af67b5918a,2023-07-06_13-48-50,1688644130,135.94431471824646,156249,sfandres-ROG-Strix-G513QR,192.168.1.128,135.94431471824646,0.0,4.0,0.0039064884185791016,"33_lr=0.0010,momentum=0.9900,weight_decay=0.0001","Namespace(model_name='Supervised', task_name='multilabel', backbone_name='resnet18', input_data=None, dataset_name='Sentinel2AndaluciaLULC', dataset_level='Level_N2', train_rate=1.0, epochs=12, learning_rate=0.01, save_every=5, batch_size=64, num_workers=2, ini_weights='imagenet', seed=42, dropout=None, transfer_learning='FT', show=False, verbose=False, balanced_dataset=False, torch_compile=False, distributed=False, ray_tune='gridsearch', load_best_hyperparameters=False, grace_period=4, num_samples_trials=3, gpus_per_trial=1)",12,val,False,0.001,0.99,0.0001
e6ac5_00057,0.198,0.07500000298023224,30.74755358695984,True,,,4.0,aa92226fdd574458a3d382e65968cb45,2023-07-06_15-06-43,1688648803,125.73524689674377,171189,sfandres-ROG-Strix-G513QR,192.168.1.128,125.73524689674377,0.0,4.0,0.002753019332885742,"57_lr=0.0010,momentum=0.9900,weight_decay=0.0001","Namespace(model_name='Supervised', task_name='multilabel', backbone_name='resnet18', input_data=None, dataset_name='Sentinel2AndaluciaLULC', dataset_level='Level_N2', train_rate=1.0, epochs=12, learning_rate=0.01, save_every=5, batch_size=64, num_workers=2, ini_weights='imagenet', seed=42, dropout=None, transfer_learning='FT', show=False, verbose=False, balanced_dataset=False, torch_compile=False, distributed=False, ray_tune='gridsearch', load_best_hyperparameters=False, grace_period=4, num_samples_trials=3, gpus_per_trial=1)",12,val,False,0.001,0.99,0.0001
e6ac5_00065,0.198,0.07500000298023224,29.295450925827026,True,,,4.0,820b3d20d66b42debfc2dca9d01b1b57,2023-07-06_15-33-01,1688650381,119.0650680065155,176904,sfandres-ROG-Strix-G513QR,192.168.1.128,119.0650680065155,0.0,4.0,0.0038645267486572266,"65_lr=0.0010,momentum=0.9900,weight_decay=0.0000","Namespace(model_name='Supervised', task_name='multilabel', backbone_name='resnet18', input_data=None, dataset_name='Sentinel2AndaluciaLULC', dataset_level='Level_N2', train_rate=1.0, epochs=12, learning_rate=0.01, save_every=5, batch_size=64, num_workers=2, ini_weights='imagenet', seed=42, dropout=None, transfer_learning='FT', show=False, verbose=False, balanced_dataset=False, torch_compile=False, distributed=False, ray_tune='gridsearch', load_best_hyperparameters=False, grace_period=4, num_samples_trials=3, gpus_per_trial=1)",12,val,False,0.001,0.99,1e-05
e6ac5_00042,0.198,0.07500000298023224,31.334040880203247,True,,,4.0,4ebbc3b4ca154b3388aa02982a50442c,2023-07-06_14-16-32,1688645792,126.42617869377136,162551,sfandres-ROG-Strix-G513QR,192.168.1.128,126.42617869377136,0.0,4.0,0.004258394241333008,"42_lr=0.0100,momentum=0.9900,weight_decay=0.0000","Namespace(model_name='Supervised', task_name='multilabel', backbone_name='resnet18', input_data=None, dataset_name='Sentinel2AndaluciaLULC', dataset_level='Level_N2', train_rate=1.0, epochs=12, learning_rate=0.01, save_every=5, batch_size=64, num_workers=2, ini_weights='imagenet', seed=42, dropout=None, transfer_learning='FT', show=False, verbose=False, balanced_dataset=False, torch_compile=False, distributed=False, ray_tune='gridsearch', load_best_hyperparameters=False, grace_period=4, num_samples_trials=3, gpus_per_trial=1)",12,val,False,0.01,0.99,1e-05
e6ac5_00049,0.198,0.07599999755620956,33.798561334609985,True,,,4.0,b3076316aa6740ab8ffd494549341864,2023-07-06_14-41-05,1688647265,135.77025032043457,166921,sfandres-ROG-Strix-G513QR,192.168.1.128,135.77025032043457,0.0,4.0,0.0028731822967529297,"49_lr=0.0010,momentum=0.9900,weight_decay=0","Namespace(model_name='Supervised', task_name='multilabel', backbone_name='resnet18', input_data=None, dataset_name='Sentinel2AndaluciaLULC', dataset_level='Level_N2', train_rate=1.0, epochs=12, learning_rate=0.01, save_every=5, batch_size=64, num_workers=2, ini_weights='imagenet', seed=42, dropout=None, transfer_learning='FT', show=False, verbose=False, balanced_dataset=False, torch_compile=False, distributed=False, ray_tune='gridsearch', load_best_hyperparameters=False, grace_period=4, num_samples_trials=3, gpus_per_trial=1)",12,val,False,0.001,0.99,0.0
e6ac5_00018,0.198,0.07599999755620956,31.978697538375854,True,,,4.0,7976f2dc171c40838435653fa40e3534,2023-07-06_12-51-52,1688640712,131.9273829460144,147113,sfandres-ROG-Strix-G513QR,192.168.1.128,131.9273829460144,0.0,4.0,0.0027132034301757812,"18_lr=0.0100,momentum=0.9900,weight_decay=0.0000","Namespace(model_name='Supervised', task_name='multilabel', backbone_name='resnet18', input_data=None, dataset_name='Sentinel2AndaluciaLULC', dataset_level='Level_N2', train_rate=1.0, epochs=12, learning_rate=0.01, save_every=5, batch_size=64, num_workers=2, ini_weights='imagenet', seed=42, dropout=None, transfer_learning='FT', show=False, verbose=False, balanced_dataset=False, torch_compile=False, distributed=False, ray_tune='gridsearch', load_best_hyperparameters=False, grace_period=4, num_samples_trials=3, gpus_per_trial=1)",12,val,False,0.01,0.99,1e-05
e6ac5_00058,0.201,0.07699999958276749,33.15943479537964,True,,,4.0,1a83bd523e29455b9ef7ff038eab1f9c,2023-07-06_15-09-03,1688648943,136.10726046562195,171597,sfandres-ROG-Strix-G513QR,192.168.1.128,136.10726046562195,0.0,4.0,0.0028192996978759766,"58_lr=0.0100,momentum=0.9900,weight_decay=0.0001","Namespace(model_name='Supervised', task_name='multilabel', backbone_name='resnet18', input_data=None, dataset_name='Sentinel2AndaluciaLULC', dataset_level='Level_N2', train_rate=1.0, epochs=12, learning_rate=0.01, save_every=5, batch_size=64, num_workers=2, ini_weights='imagenet', seed=42, dropout=None, transfer_learning='FT', show=False, verbose=False, balanced_dataset=False, torch_compile=False, distributed=False, ray_tune='gridsearch', load_best_hyperparameters=False, grace_period=4, num_samples_trials=3, gpus_per_trial=1)",12,val,False,0.01,0.99,0.0001
e6ac5_00034,0.198,0.07699999958276749,31.348260402679443,True,,,4.0,b24f6e2d37c64eb085d51601e0468719,2023-07-06_13-51-14,1688644274,139.55382776260376,156907,sfandres-ROG-Strix-G513QR,192.168.1.128,139.55382776260376,0.0,4.0,0.003104686737060547,"34_lr=0.0100,momentum=0.9900,weight_decay=0.0001","Namespace(model_name='Supervised', task_name='multilabel', backbone_name='resnet18', input_data=None, dataset_name='Sentinel2AndaluciaLULC', dataset_level='Level_N2', train_rate=1.0, epochs=12, learning_rate=0.01, save_every=5, batch_size=64, num_workers=2, ini_weights='imagenet', seed=42, dropout=None, transfer_learning='FT', show=False, verbose=False, balanced_dataset=False, torch_compile=False, distributed=False, ray_tune='gridsearch', load_best_hyperparameters=False, grace_period=4, num_samples_trials=3, gpus_per_trial=1)",12,val,False,0.01,0.99,0.0001
e6ac5_00066,0.207,0.08299999684095383,30.034130811691284,True,,,4.0,8dae3c6d1dea44fa9f6b44d438a37644,2023-07-06_15-35-06,1688650506,120.7347059249878,177158,sfandres-ROG-Strix-G513QR,192.168.1.128,120.7347059249878,0.0,4.0,0.0038509368896484375,"66_lr=0.0100,momentum=0.9900,weight_decay=0.0000","Namespace(model_name='Supervised', task_name='multilabel', backbone_name='resnet18', input_data=None, dataset_name='Sentinel2AndaluciaLULC', dataset_level='Level_N2', train_rate=1.0, epochs=12, learning_rate=0.01, save_every=5, batch_size=64, num_workers=2, ini_weights='imagenet', seed=42, dropout=None, transfer_learning='FT', show=False, verbose=False, balanced_dataset=False, torch_compile=False, distributed=False, ray_tune='gridsearch', load_best_hyperparameters=False, grace_period=4, num_samples_trials=3, gpus_per_trial=1)",12,val,False,0.01,0.99,1e-05
e6ac5_00000,0.204,0.08399999886751175,34.458984375,True,,,12.0,fad9e6d510204cffa18b857268cb6c54,2023-07-06_11-38-38,1688636318,411.846227645874,136051,sfandres-ROG-Strix-G513QR,192.168.1.128,411.846227645874,0.0,12.0,0.0030345916748046875,"0_lr=0.0001,momentum=0.9900,weight_decay=0","Namespace(model_name='Supervised', task_name='multilabel', backbone_name='resnet18', input_data=None, dataset_name='Sentinel2AndaluciaLULC', dataset_level='Level_N2', train_rate=1.0, epochs=12, learning_rate=0.01, save_every=5, batch_size=64, num_workers=2, ini_weights='imagenet', seed=42, dropout=None, transfer_learning='FT', show=False, verbose=False, balanced_dataset=False, torch_compile=False, distributed=False, ray_tune='gridsearch', load_best_hyperparameters=False, grace_period=4, num_samples_trials=3, gpus_per_trial=1)",12,val,False,0.0001,0.99,0.0
e6ac5_00037,0.22,0.0989999994635582,33.68683695793152,True,,,4.0,1f2f64651f794b578be2931f1f23adfd,2023-07-06_13-56-30,1688644590,136.68937039375305,158014,sfandres-ROG-Strix-G513QR,192.168.1.128,136.68937039375305,0.0,4.0,0.0038177967071533203,"37_lr=0.0010,momentum=0.9000,weight_decay=0.0001","Namespace(model_name='Supervised', task_name='multilabel', backbone_name='resnet18', input_data=None, dataset_name='Sentinel2AndaluciaLULC', dataset_level='Level_N2', train_rate=1.0, epochs=12, learning_rate=0.01, save_every=5, batch_size=64, num_workers=2, ini_weights='imagenet', seed=42, dropout=None, transfer_learning='FT', show=False, verbose=False, balanced_dataset=False, torch_compile=False, distributed=False, ray_tune='gridsearch', load_best_hyperparameters=False, grace_period=4, num_samples_trials=3, gpus_per_trial=1)",12,val,False,0.001,0.9,0.0001
e6ac5_00029,0.22,0.0989999994635582,40.57023286819458,True,,,4.0,d65a24ac2b4e40129c33e8fb6fc6e320,2023-07-06_13-29-38,1688642978,157.73962140083313,153319,sfandres-ROG-Strix-G513QR,192.168.1.128,157.73962140083313,0.0,4.0,0.00504302978515625,"29_lr=0.0010,momentum=0.9000,weight_decay=0","Namespace(model_name='Supervised', task_name='multilabel', backbone_name='resnet18', input_data=None, dataset_name='Sentinel2AndaluciaLULC', dataset_level='Level_N2', train_rate=1.0, epochs=12, learning_rate=0.01, save_every=5, batch_size=64, num_workers=2, ini_weights='imagenet', seed=42, dropout=None, transfer_learning='FT', show=False, verbose=False, balanced_dataset=False, torch_compile=False, distributed=False, ray_tune='gridsearch', load_best_hyperparameters=False, grace_period=4, num_samples_trials=3, gpus_per_trial=1)",12,val,False,0.001,0.9,0.0
e6ac5_00069,0.22,0.0989999994635582,30.424688816070557,True,,,4.0,c5d5efdb086e47e3a138da5d34ba317d,2023-07-06_15-41-20,1688650880,121.55065035820007,177901,sfandres-ROG-Strix-G513QR,192.168.1.128,121.55065035820007,0.0,4.0,0.0030264854431152344,"69_lr=0.0010,momentum=0.9000,weight_decay=0.0000","Namespace(model_name='Supervised', task_name='multilabel', backbone_name='resnet18', input_data=None, dataset_name='Sentinel2AndaluciaLULC', dataset_level='Level_N2', train_rate=1.0, epochs=12, learning_rate=0.01, save_every=5, batch_size=64, num_workers=2, ini_weights='imagenet', seed=42, dropout=None, transfer_learning='FT', show=False, verbose=False, balanced_dataset=False, torch_compile=False, distributed=False, ray_tune='gridsearch', load_best_hyperparameters=False, grace_period=4, num_samples_trials=3, gpus_per_trial=1)",12,val,False,0.001,0.9,1e-05
e6ac5_00005,0.22,0.0989999994635582,30.398141860961914,True,,,4.0,9253d67254234333b0ba31e940694330,2023-07-06_11-58-25,1688637505,122.74037528038025,140820,sfandres-ROG-Strix-G513QR,192.168.1.128,122.74037528038025,0.0,4.0,0.004652738571166992,"5_lr=0.0010,momentum=0.9000,weight_decay=0","Namespace(model_name='Supervised', task_name='multilabel', backbone_name='resnet18', input_data=None, dataset_name='Sentinel2AndaluciaLULC', dataset_level='Level_N2', train_rate=1.0, epochs=12, learning_rate=0.01, save_every=5, batch_size=64, num_workers=2, ini_weights='imagenet', seed=42, dropout=None, transfer_learning='FT', show=False, verbose=False, balanced_dataset=False, torch_compile=False, distributed=False, ray_tune='gridsearch', load_best_hyperparameters=False, grace_period=4, num_samples_trials=3, gpus_per_trial=1)",12,val,False,0.001,0.9,0.0
e6ac5_00061,0.22,0.0989999994635582,33.45940446853638,True,,,4.0,b363ba63d95d4348ba4a74b203928a0c,2023-07-06_15-15-58,1688649358,132.41637086868286,173739,sfandres-ROG-Strix-G513QR,192.168.1.128,132.41637086868286,0.0,4.0,0.0028450489044189453,"61_lr=0.0010,momentum=0.9000,weight_decay=0.0001","Namespace(model_name='Supervised', task_name='multilabel', backbone_name='resnet18', input_data=None, dataset_name='Sentinel2AndaluciaLULC', dataset_level='Level_N2', train_rate=1.0, epochs=12, learning_rate=0.01, save_every=5, batch_size=64, num_workers=2, ini_weights='imagenet', seed=42, dropout=None, transfer_learning='FT', show=False, verbose=False, balanced_dataset=False, torch_compile=False, distributed=False, ray_tune='gridsearch', load_best_hyperparameters=False, grace_period=4, num_samples_trials=3, gpus_per_trial=1)",12,val,False,0.001,0.9,0.0001
e6ac5_00045,0.22,0.0989999994635582,32.77399802207947,True,,,4.0,d57f9ba1d234413482196bbb946c707b,2023-07-06_14-23-07,1688646187,130.45193815231323,163358,sfandres-ROG-Strix-G513QR,192.168.1.128,130.45193815231323,0.0,4.0,0.0036919116973876953,"45_lr=0.0010,momentum=0.9000,weight_decay=0.0000","Namespace(model_name='Supervised', task_name='multilabel', backbone_name='resnet18', input_data=None, dataset_name='Sentinel2AndaluciaLULC', dataset_level='Level_N2', train_rate=1.0, epochs=12, learning_rate=0.01, save_every=5, batch_size=64, num_workers=2, ini_weights='imagenet', seed=42, dropout=None, transfer_learning='FT', show=False, verbose=False, balanced_dataset=False, torch_compile=False, distributed=False, ray_tune='gridsearch', load_best_hyperparameters=False, grace_period=4, num_samples_trials=3, gpus_per_trial=1)",12,val,False,0.001,0.9,1e-05
e6ac5_00021,0.22,0.0989999994635582,31.36060857772827,True,,,4.0,e5ae97a991304bf7ac8798b644a6c73f,2023-07-06_12-58-44,1688641124,132.30737137794495,147982,sfandres-ROG-Strix-G513QR,192.168.1.128,132.30737137794495,0.0,4.0,0.0026521682739257812,"21_lr=0.0010,momentum=0.9000,weight_decay=0.0000","Namespace(model_name='Supervised', task_name='multilabel', backbone_name='resnet18', input_data=None, dataset_name='Sentinel2AndaluciaLULC', dataset_level='Level_N2', train_rate=1.0, epochs=12, learning_rate=0.01, save_every=5, batch_size=64, num_workers=2, ini_weights='imagenet', seed=42, dropout=None, transfer_learning='FT', show=False, verbose=False, balanced_dataset=False, torch_compile=False, distributed=False, ray_tune='gridsearch', load_best_hyperparameters=False, grace_period=4, num_samples_trials=3, gpus_per_trial=1)",12,val,False,0.001,0.9,1e-05
e6ac5_00013,0.22,0.0989999994635582,30.60236668586731,True,,,4.0,4c7f385b75a64ddd80af96930bbe5a5b,2023-07-06_12-32-09,1688639529,123.12242889404297,144116,sfandres-ROG-Strix-G513QR,192.168.1.128,123.12242889404297,0.0,4.0,0.004343748092651367,"13_lr=0.0010,momentum=0.9000,weight_decay=0.0001","Namespace(model_name='Supervised', task_name='multilabel', backbone_name='resnet18', input_data=None, dataset_name='Sentinel2AndaluciaLULC', dataset_level='Level_N2', train_rate=1.0, epochs=12, learning_rate=0.01, save_every=5, batch_size=64, num_workers=2, ini_weights='imagenet', seed=42, dropout=None, transfer_learning='FT', show=False, verbose=False, balanced_dataset=False, torch_compile=False, distributed=False, ray_tune='gridsearch', load_best_hyperparameters=False, grace_period=4, num_samples_trials=3, gpus_per_trial=1)",12,val,False,0.001,0.9,0.0001
e6ac5_00053,0.22,0.0989999994635582,30.914202213287354,True,,,4.0,38526a4d398948b6bda7e2d075921d7e,2023-07-06_14-49-45,1688647785,124.05742692947388,168404,sfandres-ROG-Strix-G513QR,192.168.1.128,124.05742692947388,0.0,4.0,0.0034399032592773438,"53_lr=0.0010,momentum=0.9000,weight_decay=0","Namespace(model_name='Supervised', task_name='multilabel', backbone_name='resnet18', input_data=None, dataset_name='Sentinel2AndaluciaLULC', dataset_level='Level_N2', train_rate=1.0, epochs=12, learning_rate=0.01, save_every=5, batch_size=64, num_workers=2, ini_weights='imagenet', seed=42, dropout=None, transfer_learning='FT', show=False, verbose=False, balanced_dataset=False, torch_compile=False, distributed=False, ray_tune='gridsearch', load_best_hyperparameters=False, grace_period=4, num_samples_trials=3, gpus_per_trial=1)",12,val,False,0.001,0.9,0.0
e6ac5_00064,0.223,0.10100000351667404,29.958462715148926,True,,,4.0,ff026a836a1a4df2b4a884b77ac20da3,2023-07-06_15-30-58,1688650258,120.08013868331909,176624,sfandres-ROG-Strix-G513QR,192.168.1.128,120.08013868331909,0.0,4.0,0.003049612045288086,"64_lr=0.0001,momentum=0.9900,weight_decay=0.0000","Namespace(model_name='Supervised', task_name='multilabel', backbone_name='resnet18', input_data=None, dataset_name='Sentinel2AndaluciaLULC', dataset_level='Level_N2', train_rate=1.0, epochs=12, learning_rate=0.01, save_every=5, batch_size=64, num_workers=2, ini_weights='imagenet', seed=42, dropout=None, transfer_learning='FT', show=False, verbose=False, balanced_dataset=False, torch_compile=False, distributed=False, ray_tune='gridsearch', load_best_hyperparameters=False, grace_period=4, num_samples_trials=3, gpus_per_trial=1)",12,val,False,0.0001,0.99,1e-05
e6ac5_00008,0.223,0.10100000351667404,31.048829555511475,True,,,4.0,b172088ef23640808972c5691f706dbe,2023-07-06_12-13-09,1688638389,125.12699866294861,142196,sfandres-ROG-Strix-G513QR,192.168.1.128,125.12699866294861,0.0,4.0,0.003823995590209961,"8_lr=0.0001,momentum=0.9900,weight_decay=0.0001","Namespace(model_name='Supervised', task_name='multilabel', backbone_name='resnet18', input_data=None, dataset_name='Sentinel2AndaluciaLULC', dataset_level='Level_N2', train_rate=1.0, epochs=12, learning_rate=0.01, save_every=5, batch_size=64, num_workers=2, ini_weights='imagenet', seed=42, dropout=None, transfer_learning='FT', show=False, verbose=False, balanced_dataset=False, torch_compile=False, distributed=False, ray_tune='gridsearch', load_best_hyperparameters=False, grace_period=4, num_samples_trials=3, gpus_per_trial=1)",12,val,False,0.0001,0.99,0.0001
e6ac5_00056,0.223,0.10100000351667404,31.216170072555542,True,,,4.0,2adc4dcd6c3c4d4ea30dc1252a623b0b,2023-07-06_15-04-33,1688648673,123.98364925384521,170902,sfandres-ROG-Strix-G513QR,192.168.1.128,123.98364925384521,0.0,4.0,0.0034668445587158203,"56_lr=0.0001,momentum=0.9900,weight_decay=0.0001","Namespace(model_name='Supervised', task_name='multilabel', backbone_name='resnet18', input_data=None, dataset_name='Sentinel2AndaluciaLULC', dataset_level='Level_N2', train_rate=1.0, epochs=12, learning_rate=0.01, save_every=5, batch_size=64, num_workers=2, ini_weights='imagenet', seed=42, dropout=None, transfer_learning='FT', show=False, verbose=False, balanced_dataset=False, torch_compile=False, distributed=False, ray_tune='gridsearch', load_best_hyperparameters=False, grace_period=4, num_samples_trials=3, gpus_per_trial=1)",12,val,False,0.0001,0.99,0.0001
e6ac5_00032,0.223,0.10100000351667404,32.01078915596008,True,,,4.0,fe2db0571d5e472d840f0f7b4c4408c0,2023-07-06_13-46-30,1688643990,128.636159658432,155998,sfandres-ROG-Strix-G513QR,192.168.1.128,128.636159658432,0.0,4.0,0.0029249191284179688,"32_lr=0.0001,momentum=0.9900,weight_decay=0.0001","Namespace(model_name='Supervised', task_name='multilabel', backbone_name='resnet18', input_data=None, dataset_name='Sentinel2AndaluciaLULC', dataset_level='Level_N2', train_rate=1.0, epochs=12, learning_rate=0.01, save_every=5, batch_size=64, num_workers=2, ini_weights='imagenet', seed=42, dropout=None, transfer_learning='FT', show=False, verbose=False, balanced_dataset=False, torch_compile=False, distributed=False, ray_tune='gridsearch', load_best_hyperparameters=False, grace_period=4, num_samples_trials=3, gpus_per_trial=1)",12,val,False,0.0001,0.99,0.0001
e6ac5_00016,0.223,0.10100000351667404,33.75610375404358,True,,,4.0,35ad08036583409ca77e282cf730d5e6,2023-07-06_12-47-14,1688640434,132.67229628562927,146477,sfandres-ROG-Strix-G513QR,192.168.1.128,132.67229628562927,0.0,4.0,0.0030918121337890625,"16_lr=0.0001,momentum=0.9900,weight_decay=0.0000","Namespace(model_name='Supervised', task_name='multilabel', backbone_name='resnet18', input_data=None, dataset_name='Sentinel2AndaluciaLULC', dataset_level='Level_N2', train_rate=1.0, epochs=12, learning_rate=0.01, save_every=5, batch_size=64, num_workers=2, ini_weights='imagenet', seed=42, dropout=None, transfer_learning='FT', show=False, verbose=False, balanced_dataset=False, torch_compile=False, distributed=False, ray_tune='gridsearch', load_best_hyperparameters=False, grace_period=4, num_samples_trials=3, gpus_per_trial=1)",12,val,False,0.0001,0.99,1e-05
e6ac5_00048,0.223,0.10100000351667404,32.81875824928284,True,,,4.0,a4c31d2bb9de43ecaefde7c011f64007,2023-07-06_14-38-46,1688647126,128.5235116481781,166556,sfandres-ROG-Strix-G513QR,192.168.1.128,128.5235116481781,0.0,4.0,0.0034949779510498047,"48_lr=0.0001,momentum=0.9900,weight_decay=0","Namespace(model_name='Supervised', task_name='multilabel', backbone_name='resnet18', input_data=None, dataset_name='Sentinel2AndaluciaLULC', dataset_level='Level_N2', train_rate=1.0, epochs=12, learning_rate=0.01, save_every=5, batch_size=64, num_workers=2, ini_weights='imagenet', seed=42, dropout=None, transfer_learning='FT', show=False, verbose=False, balanced_dataset=False, torch_compile=False, distributed=False, ray_tune='gridsearch', load_best_hyperparameters=False, grace_period=4, num_samples_trials=3, gpus_per_trial=1)",12,val,False,0.0001,0.99,0.0
e6ac5_00040,0.223,0.10100000351667404,30.646414756774902,True,,,4.0,81ee99b630ce428fb2ec94f4aaa4beb0,2023-07-06_14-12-10,1688645530,125.62831544876099,161919,sfandres-ROG-Strix-G513QR,192.168.1.128,125.62831544876099,0.0,4.0,0.0048830509185791016,"40_lr=0.0001,momentum=0.9900,weight_decay=0.0000","Namespace(model_name='Supervised', task_name='multilabel', backbone_name='resnet18', input_data=None, dataset_name='Sentinel2AndaluciaLULC', dataset_level='Level_N2', train_rate=1.0, epochs=12, learning_rate=0.01, save_every=5, batch_size=64, num_workers=2, ini_weights='imagenet', seed=42, dropout=None, transfer_learning='FT', show=False, verbose=False, balanced_dataset=False, torch_compile=False, distributed=False, ray_tune='gridsearch', load_best_hyperparameters=False, grace_period=4, num_samples_trials=3, gpus_per_trial=1)",12,val,False,0.0001,0.99,1e-05
e6ac5_00024,0.223,0.10100000351667404,40.748899698257446,True,,,4.0,0fc46c9f2e5e49fa9f44290846fe748d,2023-07-06_13-15-52,1688642152,141.98205614089966,151329,sfandres-ROG-Strix-G513QR,192.168.1.128,141.98205614089966,0.0,4.0,0.00296783447265625,"24_lr=0.0001,momentum=0.9900,weight_decay=0","Namespace(model_name='Supervised', task_name='multilabel', backbone_name='resnet18', input_data=None, dataset_name='Sentinel2AndaluciaLULC', dataset_level='Level_N2', train_rate=1.0, epochs=12, learning_rate=0.01, save_every=5, batch_size=64, num_workers=2, ini_weights='imagenet', seed=42, dropout=None, transfer_learning='FT', show=False, verbose=False, balanced_dataset=False, torch_compile=False, distributed=False, ray_tune='gridsearch', load_best_hyperparameters=False, grace_period=4, num_samples_trials=3, gpus_per_trial=1)",12,val,False,0.0001,0.99,0.0
e6ac5_00050,0.236,0.10400000214576721,30.708699941635132,True,,,4.0,685ae9ff68fe474e9a1625caa48c95f8,2023-07-06_14-43-23,1688647403,133.5892014503479,167303,sfandres-ROG-Strix-G513QR,192.168.1.128,133.5892014503479,0.0,4.0,0.003805875778198242,"50_lr=0.0100,momentum=0.9900,weight_decay=0","Namespace(model_name='Supervised', task_name='multilabel', backbone_name='resnet18', input_data=None, dataset_name='Sentinel2AndaluciaLULC', dataset_level='Level_N2', train_rate=1.0, epochs=12, learning_rate=0.01, save_every=5, batch_size=64, num_workers=2, ini_weights='imagenet', seed=42, dropout=None, transfer_learning='FT', show=False, verbose=False, balanced_dataset=False, torch_compile=False, distributed=False, ray_tune='gridsearch', load_best_hyperparameters=False, grace_period=4, num_samples_trials=3, gpus_per_trial=1)",12,val,False,0.01,0.99,0.0
e6ac5_00019,0.238,0.11999999731779099,33.49803638458252,True,,,4.0,770e2aff7fb14295a007359f249ee688,2023-07-06_12-54-08,1688640848,131.44080996513367,147403,sfandres-ROG-Strix-G513QR,192.168.1.128,131.44080996513367,0.0,4.0,0.0035719871520996094,"19_lr=0.1000,momentum=0.9900,weight_decay=0.0000","Namespace(model_name='Supervised', task_name='multilabel', backbone_name='resnet18', input_data=None, dataset_name='Sentinel2AndaluciaLULC', dataset_level='Level_N2', train_rate=1.0, epochs=12, learning_rate=0.01, save_every=5, batch_size=64, num_workers=2, ini_weights='imagenet', seed=42, dropout=None, transfer_learning='FT', show=False, verbose=False, balanced_dataset=False, torch_compile=False, distributed=False, ray_tune='gridsearch', load_best_hyperparameters=False, grace_period=4, num_samples_trials=3, gpus_per_trial=1)",12,val,False,0.1,0.99,1e-05
e6ac5_00059,0.239,0.12200000137090683,34.21404528617859,True,,,4.0,49c01530b7cd43668ab1427e4ec0fc48,2023-07-06_15-11-25,1688649085,136.76450371742249,172603,sfandres-ROG-Strix-G513QR,192.168.1.128,136.76450371742249,0.0,4.0,0.004452943801879883,"59_lr=0.1000,momentum=0.9900,weight_decay=0.0001","Namespace(model_name='Supervised', task_name='multilabel', backbone_name='resnet18', input_data=None, dataset_name='Sentinel2AndaluciaLULC', dataset_level='Level_N2', train_rate=1.0, epochs=12, learning_rate=0.01, save_every=5, batch_size=64, num_workers=2, ini_weights='imagenet', seed=42, dropout=None, transfer_learning='FT', show=False, verbose=False, balanced_dataset=False, torch_compile=False, distributed=False, ray_tune='gridsearch', load_best_hyperparameters=False, grace_period=4, num_samples_trials=3, gpus_per_trial=1)",12,val,False,0.1,0.99,0.0001
e6ac5_00043,0.242,0.12399999797344208,31.87936282157898,True,,,4.0,ddf71c6f9ae14b2ba554cf77fbf4eadd,2023-07-06_14-18-42,1688645922,125.38460731506348,162804,sfandres-ROG-Strix-G513QR,192.168.1.128,125.38460731506348,0.0,4.0,0.0030477046966552734,"43_lr=0.1000,momentum=0.9900,weight_decay=0.0000","Namespace(model_name='Supervised', task_name='multilabel', backbone_name='resnet18', input_data=None, dataset_name='Sentinel2AndaluciaLULC', dataset_level='Level_N2', train_rate=1.0, epochs=12, learning_rate=0.01, save_every=5, batch_size=64, num_workers=2, ini_weights='imagenet', seed=42, dropout=None, transfer_learning='FT', show=False, verbose=False, balanced_dataset=False, torch_compile=False, distributed=False, ray_tune='gridsearch', load_best_hyperparameters=False, grace_period=4, num_samples_trials=3, gpus_per_trial=1)",12,val,False,0.1,0.99,1e-05
e6ac5_00027,0.245,0.125,39.862167835235596,True,,,4.0,a4703852f3574f1e85f046328ad7b001,2023-07-06_13-24-09,1688642649,162.05087280273438,152652,sfandres-ROG-Strix-G513QR,192.168.1.128,162.05087280273438,0.0,4.0,0.0033369064331054688,"27_lr=0.1000,momentum=0.9900,weight_decay=0","Namespace(model_name='Supervised', task_name='multilabel', backbone_name='resnet18', input_data=None, dataset_name='Sentinel2AndaluciaLULC', dataset_level='Level_N2', train_rate=1.0, epochs=12, learning_rate=0.01, save_every=5, batch_size=64, num_workers=2, ini_weights='imagenet', seed=42, dropout=None, transfer_learning='FT', show=False, verbose=False, balanced_dataset=False, torch_compile=False, distributed=False, ray_tune='gridsearch', load_best_hyperparameters=False, grace_period=4, num_samples_trials=3, gpus_per_trial=1)",12,val,False,0.1,0.99,0.0
e6ac5_00067,0.251,0.12600000202655792,30.23856258392334,True,,,4.0,c17ea5ac346f4c92a6386f375db870c8,2023-07-06_15-37-10,1688650630,119.88370156288147,177400,sfandres-ROG-Strix-G513QR,192.168.1.128,119.88370156288147,0.0,4.0,0.004021167755126953,"67_lr=0.1000,momentum=0.9900,weight_decay=0.0000","Namespace(model_name='Supervised', task_name='multilabel', backbone_name='resnet18', input_data=None, dataset_name='Sentinel2AndaluciaLULC', dataset_level='Level_N2', train_rate=1.0, epochs=12, learning_rate=0.01, save_every=5, batch_size=64, num_workers=2, ini_weights='imagenet', seed=42, dropout=None, transfer_learning='FT', show=False, verbose=False, balanced_dataset=False, torch_compile=False, distributed=False, ray_tune='gridsearch', load_best_hyperparameters=False, grace_period=4, num_samples_trials=3, gpus_per_trial=1)",12,val,False,0.1,0.99,1e-05
e6ac5_00051,0.248,0.12700000405311584,30.283365488052368,True,,,4.0,66cbe49035e74a67bc62c76c02839275,2023-07-06_14-45-30,1688647530,122.36710047721863,167875,sfandres-ROG-Strix-G513QR,192.168.1.128,122.36710047721863,0.0,4.0,0.0032329559326171875,"51_lr=0.1000,momentum=0.9900,weight_decay=0","Namespace(model_name='Supervised', task_name='multilabel', backbone_name='resnet18', input_data=None, dataset_name='Sentinel2AndaluciaLULC', dataset_level='Level_N2', train_rate=1.0, epochs=12, learning_rate=0.01, save_every=5, batch_size=64, num_workers=2, ini_weights='imagenet', seed=42, dropout=None, transfer_learning='FT', show=False, verbose=False, balanced_dataset=False, torch_compile=False, distributed=False, ray_tune='gridsearch', load_best_hyperparameters=False, grace_period=4, num_samples_trials=3, gpus_per_trial=1)",12,val,False,0.1,0.99,0.0
e6ac5_00003,0.258,0.13300000131130219,30.92034411430359,True,,,4.0,5b79b56ffc5e41758def13b694c3dfb3,2023-07-06_11-54-13,1688637253,123.11085867881775,140316,sfandres-ROG-Strix-G513QR,192.168.1.128,123.11085867881775,0.0,4.0,0.0030596256256103516,"3_lr=0.1000,momentum=0.9900,weight_decay=0","Namespace(model_name='Supervised', task_name='multilabel', backbone_name='resnet18', input_data=None, dataset_name='Sentinel2AndaluciaLULC', dataset_level='Level_N2', train_rate=1.0, epochs=12, learning_rate=0.01, save_every=5, batch_size=64, num_workers=2, ini_weights='imagenet', seed=42, dropout=None, transfer_learning='FT', show=False, verbose=False, balanced_dataset=False, torch_compile=False, distributed=False, ray_tune='gridsearch', load_best_hyperparameters=False, grace_period=4, num_samples_trials=3, gpus_per_trial=1)",12,val,False,0.1,0.99,0.0
e6ac5_00011,0.238,0.13600000739097595,30.911298751831055,True,,,4.0,077c8fcca0ea487ba9052b185f3c6329,2023-07-06_12-27-52,1688639272,124.01953625679016,143608,sfandres-ROG-Strix-G513QR,192.168.1.128,124.01953625679016,0.0,4.0,0.0038895606994628906,"11_lr=0.1000,momentum=0.9900,weight_decay=0.0001","Namespace(model_name='Supervised', task_name='multilabel', backbone_name='resnet18', input_data=None, dataset_name='Sentinel2AndaluciaLULC', dataset_level='Level_N2', train_rate=1.0, epochs=12, learning_rate=0.01, save_every=5, batch_size=64, num_workers=2, ini_weights='imagenet', seed=42, dropout=None, transfer_learning='FT', show=False, verbose=False, balanced_dataset=False, torch_compile=False, distributed=False, ray_tune='gridsearch', load_best_hyperparameters=False, grace_period=4, num_samples_trials=3, gpus_per_trial=1)",12,val,False,0.1,0.99,0.0001
e6ac5_00012,0.274,0.14100000262260437,31.68051290512085,True,,,4.0,6e3fe0ecb0d64777a160dbada687d3b4,2023-07-06_12-30-02,1688639402,125.66661810874939,143857,sfandres-ROG-Strix-G513QR,192.168.1.128,125.66661810874939,0.0,4.0,0.0038366317749023438,"12_lr=0.0001,momentum=0.9000,weight_decay=0.0001","Namespace(model_name='Supervised', task_name='multilabel', backbone_name='resnet18', input_data=None, dataset_name='Sentinel2AndaluciaLULC', dataset_level='Level_N2', train_rate=1.0, epochs=12, learning_rate=0.01, save_every=5, batch_size=64, num_workers=2, ini_weights='imagenet', seed=42, dropout=None, transfer_learning='FT', show=False, verbose=False, balanced_dataset=False, torch_compile=False, distributed=False, ray_tune='gridsearch', load_best_hyperparameters=False, grace_period=4, num_samples_trials=3, gpus_per_trial=1)",12,val,False,0.0001,0.9,0.0001
e6ac5_00068,0.274,0.14100000262260437,30.12778878211975,True,,,4.0,16e0860b8fde41a7bba4ad44efa1b280,2023-07-06_15-39-15,1688650755,120.64483261108398,177644,sfandres-ROG-Strix-G513QR,192.168.1.128,120.64483261108398,0.0,4.0,0.004559516906738281,"68_lr=0.0001,momentum=0.9000,weight_decay=0.0000","Namespace(model_name='Supervised', task_name='multilabel', backbone_name='resnet18', input_data=None, dataset_name='Sentinel2AndaluciaLULC', dataset_level='Level_N2', train_rate=1.0, epochs=12, learning_rate=0.01, save_every=5, batch_size=64, num_workers=2, ini_weights='imagenet', seed=42, dropout=None, transfer_learning='FT', show=False, verbose=False, balanced_dataset=False, torch_compile=False, distributed=False, ray_tune='gridsearch', load_best_hyperparameters=False, grace_period=4, num_samples_trials=3, gpus_per_trial=1)",12,val,False,0.0001,0.9,1e-05
e6ac5_00044,0.274,0.1420000046491623,31.443512439727783,True,,,4.0,c9fac10272004da3a57cf4b697d9e264,2023-07-06_14-20-52,1688646052,126.06646490097046,163107,sfandres-ROG-Strix-G513QR,192.168.1.128,126.06646490097046,0.0,4.0,0.0030989646911621094,"44_lr=0.0001,momentum=0.9000,weight_decay=0.0000","Namespace(model_name='Supervised', task_name='multilabel', backbone_name='resnet18', input_data=None, dataset_name='Sentinel2AndaluciaLULC', dataset_level='Level_N2', train_rate=1.0, epochs=12, learning_rate=0.01, save_every=5, batch_size=64, num_workers=2, ini_weights='imagenet', seed=42, dropout=None, transfer_learning='FT', show=False, verbose=False, balanced_dataset=False, torch_compile=False, distributed=False, ray_tune='gridsearch', load_best_hyperparameters=False, grace_period=4, num_samples_trials=3, gpus_per_trial=1)",12,val,False,0.0001,0.9,1e-05
e6ac5_00020,0.274,0.1420000046491623,32.60716485977173,True,,,4.0,893b27f2fb1f44a6bb15d07e6fa8a617,2023-07-06_12-56-28,1688640988,135.075204372406,147725,sfandres-ROG-Strix-G513QR,192.168.1.128,135.075204372406,0.0,4.0,0.0033998489379882812,"20_lr=0.0001,momentum=0.9000,weight_decay=0.0000","Namespace(model_name='Supervised', task_name='multilabel', backbone_name='resnet18', input_data=None, dataset_name='Sentinel2AndaluciaLULC', dataset_level='Level_N2', train_rate=1.0, epochs=12, learning_rate=0.01, save_every=5, batch_size=64, num_workers=2, ini_weights='imagenet', seed=42, dropout=None, transfer_learning='FT', show=False, verbose=False, balanced_dataset=False, torch_compile=False, distributed=False, ray_tune='gridsearch', load_best_hyperparameters=False, grace_period=4, num_samples_trials=3, gpus_per_trial=1)",12,val,False,0.0001,0.9,1e-05
e6ac5_00004,0.274,0.1420000046491623,30.548571348190308,True,,,4.0,f129af2e2dc8452e9504873e08d90c0d,2023-07-06_11-56-19,1688637379,122.31393814086914,140579,sfandres-ROG-Strix-G513QR,192.168.1.128,122.31393814086914,0.0,4.0,0.004454612731933594,"4_lr=0.0001,momentum=0.9000,weight_decay=0","Namespace(model_name='Supervised', task_name='multilabel', backbone_name='resnet18', input_data=None, dataset_name='Sentinel2AndaluciaLULC', dataset_level='Level_N2', train_rate=1.0, epochs=12, learning_rate=0.01, save_every=5, batch_size=64, num_workers=2, ini_weights='imagenet', seed=42, dropout=None, transfer_learning='FT', show=False, verbose=False, balanced_dataset=False, torch_compile=False, distributed=False, ray_tune='gridsearch', load_best_hyperparameters=False, grace_period=4, num_samples_trials=3, gpus_per_trial=1)",12,val,False,0.0001,0.9,0.0
e6ac5_00052,0.274,0.1420000046491623,30.69280505180359,True,,,4.0,29d38b182c3044d7a645365437ab70aa,2023-07-06_14-47-37,1688647657,123.28029417991638,168152,sfandres-ROG-Strix-G513QR,192.168.1.128,123.28029417991638,0.0,4.0,0.0035457611083984375,"52_lr=0.0001,momentum=0.9000,weight_decay=0","Namespace(model_name='Supervised', task_name='multilabel', backbone_name='resnet18', input_data=None, dataset_name='Sentinel2AndaluciaLULC', dataset_level='Level_N2', train_rate=1.0, epochs=12, learning_rate=0.01, save_every=5, batch_size=64, num_workers=2, ini_weights='imagenet', seed=42, dropout=None, transfer_learning='FT', show=False, verbose=False, balanced_dataset=False, torch_compile=False, distributed=False, ray_tune='gridsearch', load_best_hyperparameters=False, grace_period=4, num_samples_trials=3, gpus_per_trial=1)",12,val,False,0.0001,0.9,0.0
e6ac5_00028,0.274,0.1420000046491623,40.178383588790894,True,,,4.0,cf3e2328f0254704bc1a322fc2c762bf,2023-07-06_13-26-56,1688642816,161.17364358901978,153012,sfandres-ROG-Strix-G513QR,192.168.1.128,161.17364358901978,0.0,4.0,0.003540515899658203,"28_lr=0.0001,momentum=0.9000,weight_decay=0","Namespace(model_name='Supervised', task_name='multilabel', backbone_name='resnet18', input_data=None, dataset_name='Sentinel2AndaluciaLULC', dataset_level='Level_N2', train_rate=1.0, epochs=12, learning_rate=0.01, save_every=5, batch_size=64, num_workers=2, ini_weights='imagenet', seed=42, dropout=None, transfer_learning='FT', show=False, verbose=False, balanced_dataset=False, torch_compile=False, distributed=False, ray_tune='gridsearch', load_best_hyperparameters=False, grace_period=4, num_samples_trials=3, gpus_per_trial=1)",12,val,False,0.0001,0.9,0.0
e6ac5_00060,0.274,0.1420000046491623,32.28837013244629,True,,,4.0,6142ed25c6c948c2813f84f4b99e4c25,2023-07-06_15-13-41,1688649221,132.02501273155212,173231,sfandres-ROG-Strix-G513QR,192.168.1.128,132.02501273155212,0.0,4.0,0.0031571388244628906,"60_lr=0.0001,momentum=0.9000,weight_decay=0.0001","Namespace(model_name='Supervised', task_name='multilabel', backbone_name='resnet18', input_data=None, dataset_name='Sentinel2AndaluciaLULC', dataset_level='Level_N2', train_rate=1.0, epochs=12, learning_rate=0.01, save_every=5, batch_size=64, num_workers=2, ini_weights='imagenet', seed=42, dropout=None, transfer_learning='FT', show=False, verbose=False, balanced_dataset=False, torch_compile=False, distributed=False, ray_tune='gridsearch', load_best_hyperparameters=False, grace_period=4, num_samples_trials=3, gpus_per_trial=1)",12,val,False,0.0001,0.9,0.0001
e6ac5_00036,0.274,0.1420000046491623,33.608256816864014,True,,,4.0,7db6f5d266d540c19a2861c4c9923c18,2023-07-06_13-54-09,1688644449,131.60745215415955,157356,sfandres-ROG-Strix-G513QR,192.168.1.128,131.60745215415955,0.0,4.0,0.0034656524658203125,"36_lr=0.0001,momentum=0.9000,weight_decay=0.0001","Namespace(model_name='Supervised', task_name='multilabel', backbone_name='resnet18', input_data=None, dataset_name='Sentinel2AndaluciaLULC', dataset_level='Level_N2', train_rate=1.0, epochs=12, learning_rate=0.01, save_every=5, batch_size=64, num_workers=2, ini_weights='imagenet', seed=42, dropout=None, transfer_learning='FT', show=False, verbose=False, balanced_dataset=False, torch_compile=False, distributed=False, ray_tune='gridsearch', load_best_hyperparameters=False, grace_period=4, num_samples_trials=3, gpus_per_trial=1)",12,val,False,0.0001,0.9,0.0001
e6ac5_00035,,,,,,,,f024fb26cbd54e798289e9aa4bf818e0,2023-07-06_13-51-18,1688644278,,157166,sfandres-ROG-Strix-G513QR,192.168.1.128,,,,,,"Namespace(model_name='Supervised', task_name='multilabel', backbone_name='resnet18', input_data=None, dataset_name='Sentinel2AndaluciaLULC', dataset_level='Level_N2', train_rate=1.0, epochs=12, learning_rate=0.01, save_every=5, batch_size=64, num_workers=2, ini_weights='imagenet', seed=42, dropout=None, transfer_learning='FT', show=False, verbose=False, balanced_dataset=False, torch_compile=False, distributed=False, ray_tune='gridsearch', load_best_hyperparameters=False, grace_period=4, num_samples_trials=3, gpus_per_trial=1)",12,val,False,0.1,0.99,0.0001
